10011110
10100110
10011100
1100100
10111110
10111000
1111110
11110
11100011
10101001
110110
10001010
1100011
1110111
10111000
10101101
101111
1001110
11110011
11111010
1110111
1110
11111101
10000001
1101001
11001001
10010110
10110001
11001011
10110011
11101110
10100
11001000
11100100
110110
10000101
11011000
1100100
10000001
10110111
10100101
11000010
10101111
1110100
11100001
11
10000011
1011
11110001
111111
10111010
11010101
1100111
11011111
1111000
10000100
10111010
11011010
100011
101111
10110010
1110
1011010
1101111
11000111
1000011
101101
11111110
11110001
1100000
1101100
11001001
110111
1111
1000111
1011101
1110011
11111000
10111111
1100
10010
11001101
1101110
10100101
10001110
110000
10101101
10000
1100011
11010
10111000
11010
11111
10101101
111000
110101
1110
11010011
10010000
1110
1011011
11100000
10100101
11001101
10001110
10011111
11111011
11110011
100100
1
11101010
11011100
1100101
1100111
1011011
110110
1010000
10100000
10011
10000110
1010110
11010001
100001
10011100
10001100
1001001
1010000
10001
10101101
11010010
1100001
11001110
1000100
1100011
1111
10011
1111100
10111000
11111
10101100
1000100
100010
11001
100
10110000
100110
1100110
10010111
111101
1101111
1000010
11101110
11100000
101011
10111
11000011
10011110
10101000
1100011
11000111
11010
10110110
1011101
10111101
11001000
11100010
1110101
100001
10001000
1010110
11101000
11110100
10000110
11000
11010101
10100010
10000101
10101010
1110100
1111101
1011000
1111100
110000
1010110
10000110
111101
11001
10001
10111010
11111011
1110011
11101101
1010001
1000111
10111100
11100011
10001
10011
10111000
100
1100110
101110
101101
10000100
11000011
10000110
1011
10010001
1101100
11100011
101000
110100
111110
101000
0
11110100
1000011
1110010
110011
111
10111000
11110111
11011110
1011111
10111100
11111011
10011010
101
10110011
1011001
1111101
11000010
11001010
1101000
11101011
11111
1001001
1110111
10001011
11101
100101
11111000
10100010
11101100
11110010
1010101
1000110
11101101
101001
1000
