11
10100100
11011010
11010111
10100000
10000000
1
101111
11010010
10110011
10001001
11101110
11100111
11101
100110
11001000
11001
11101001
11100011
10110111
11101
110001
10100001
11001011
110110
111110
11000000
10000110
100001
1011110
11011101
1011001
11111110
111101
11101101
10110
11000110
11110
11101111
1011011
1111111
10010010
1110
1000111
101110
11110111
10101001
10001
1101011
1100111
100111
11111110
11011101
1000010
110111
11101100
10111
1010001
1110111
101111
11111001
10011101
11010
10111100
10110111
1101111
1001101
111100
10111101
1111101
110111
0
1100
10111001
1011010
10011
1010111
10000001
1001000
110
11010
11111110
10011001
1010110
10101111
1010
111101
10100111
11001110
10011011
11100010
10100100
1110010
11011001
11000010
10110001
11001
1111101
11001
10000110
110111
10001001
1010010
1100111
11101111
101000
110111
1111010
1000001
1111000
11001100
111110
1111
10011
1001111
101000
10000101
1011100
11010101
10101110
10011010
1111010
11101101
11010
1101111
1000010
10100011
1010011
10011011
11100111
1100
11010111
1100110
10101101
10110110
1011101
11110101
101001
10010000
1010100
1110000
1101011
1010111
1110111
10101010
10001
10010110
10000010
10101101
100011
1111110
11011010
11001101
1111001
1111
11000111
0
10001100
100001
1000011
110001
11001000
1001111
11010001
10100101
1100110
10001011
100
10111
11001000
110000
11110101
11111011
10111001
11110110
10110000
11101111
10100101
101100
11111010
1001101
100010
1101100
10101100
1010010
10000001
10010001
11001
10010101
1110011
100111
10100
101111
10011110
11111011
100001
10110000
11110001
10001110
110100
10100101
11101111
10001111
11100100
10001100
11001010
1011001
10010001
11
1011010
1111100
10000
1010010
101111
11100000
10111011
11110011
10001111
11100101
10010101
10110011
1011110
10010
1010101
11001001
11011001
1111
10111010
11000101
10111111
1011011
101000
10010000
11100101
10101
10111000
100111
11001000
11010111
1000001
100111
10111010
10111011
1111001
10101000
10011110
11011000
1001110
10000
10111000
