10010001
10101000
1000001
10110
1110100
10100100
10110
10101011
11101111
11100110
100111
1110010
10001111
11000
10001110
100101
1000000
10110100
11010110
1001000
1010111
11001010
1110111
111101
11001010
110100
1000001
10110111
10101101
1000
10100100
11001
11101111
11101111
1011010
100001
1001111
10110001
11100011
10011000
100100
1110001
1100111
100111
11000
11101011
111
1000110
1010101
1000011
101001
10011001
11111001
1011111
1100011
1111000
1000011
1111111
11001001
10110100
10001101
10110
10100011
1100111
1110111
11111110
1010111
11100010
11110101
11100110
10000111
1100100
10011011
11110
1111111
1011000
11011111
0
11010011
10001000
10011101
110010
1110111
11011011
10001101
11001101
11101
11010
11001000
1100001
1101110
11010000
11001010
11001000
10010000
10100111
1001010
10001001
111
10011
100001
100001
101110
10010010
10111101
1111001
1000010
1001000
1100011
10110101
11010111
10001110
10100
11011
10001110
11100101
10000101
11111011
11011101
11010010
11
111
11
101101
11001101
100100
11111011
11101100
1010111
11100001
11111
11011001
1101
10110001
1101000
1011110
100001
10011
10010101
1001111
10011
11001
10000010
1011110
11010110
10001011
10000111
10010001
10110
101100
111
111010
11001101
10111
1101111
111011
1110011
10100011
10000
10010000
10001
111001
10011001
10110001
111001
1110100
1000000
10010111
10110001
10000001
11000
10110010
1100100
1111110
1011011
0
10001111
1110000
11111
1010101
10100
10100001
101111
1011001
101101
11010011
10
10000000
1001111
1011111
1010110
111100
11000000
110001
10100001
101011
10011011
1110111
1110011
11001000
100110
10000
11110000
111011
11111010
10100010
1000100
11100011
1100001
110011
11011100
11001
110001
101100
110000
1100101
10000001
11010010
11101101
1111101
1111101
1010
10110011
10011000
10111101
11110000
10110101
1000010
10010111
11011100
11111100
1110010
11010
1111011
10010100
1011111
11010010
11110011
11010010
11001000
10011101
11000100
1100001
100
11011000
11011111
1101010
11100111
10100011
100000
