1001101011
110101100000000
1000010100011001
101010000010010
111011100110100
101110010100100
10010100
11000101101
1011101100100101
111011100010001
1110100001101
1000000010111110
101100111100100
110110010011
1101111011110
1000011101001101
10011010111
100011110110010
1101100001001111
1011001011111110
110111010010
1101111000
1001111110010100
110011010001000
1011011110000
11000011100010
111000011000001
101110101011101
1101011011000
100000111000010
1100111000011010
11100001101
1100011101011111
11011101000011
11001001011000
101110001111
1010011101011111
110001101001
111100101010010
100000110100101
101000111111111
110111100010101
100111111001
10000001010011
10100010000110
1111010000
101011010000010
100000001
110010100010000
1100110011100
1110001111111
1101001111101111
101100111100100
11100111011101
1101000101011
111101000101000
1000011111001
100010101111001
1000100001110
100101010101
1010110110101111
100010101100
100111000111
101000111101011
1000111010111000
1111000001011
110111100000
11110001101010
1011001011100010
10111111000110
1011110111011
1100100
1100101111
101011110101
1100101110101
11100111111
10011111110100
111110011111000
11011010001011
11010000
1001110001
1100101110011000
100001000110101
11100001001001
110000110011111
1010101101
10100101010110
101010001010
101000001110010
1000000011111
1010001011011110
1000101111000
111010011000
1001001101101101
10101100000000
10010101001100
110101000
110011110010000
111000010111
11101100111
1001110101110
111100000000001
11010100001000
101001100001101
1000010101001111
1100101010001
11011000101111
111010000010110
100110000111
100101101
1011101101001111
11010111010110
10111111111
11111000000
1110010100011
100101010101
10101000010101
11101001111011
1000010101100
101101111100110
11001110111111
110001110100001
1111010010000
1000000000101
11110110000001
1001011110110
11001111101011
11001101111
110100100010110
1011111001011111
10010101011
1010110111011011
1101100100101
100001110011000
101100010010
11101000101
111011011001101
1110110001011
1001000000101
11100010111111
1110111010011
111001001111
100100000001
1000111010
111010110110110
1100010001
11110001001011
100110100111111
10100101001111
111101011001
10000010000011
1100101011100110
1011010000101101
1010001101010
111001000
1001011111010000
1110011
101110010000011
110011010011
11010010100101
10100001011
1000111001101001
1110101001100
1001101011111110
1000000100100001
101101010000000
11111111000111
100011011
110011101001
100001110110001
10101110011000
1110101000110110
1000001111000110
1000111010110
1100110100001001
110111101100000
111110010111010
110111000000010
1010000001111
111101001100111
1101010001100
1000100011001
1010001101111
11101000100001
10101100011001
1111110010000
111000101011
1000101001
110110010010001
111000100100000
1000111011011
1001011000000
111110011111
10110000000011
1011100011110101
1110101101110
110001001011
1001001011010
110011010000011
110011000
100000111100100
10101100000010
1101000010011
111010111001011
110101110011110
110101001011110
10000010111
101001100000100
110100101
101000000000001
1010000111100
1101011001
1010000001101
11110000100
110000
1011001010100001
100000000011010
100000010000000
10111010001100
10010010000
1000000100100101
101101010111100
1000001001111
10000000100011
1001010001011001
1101010110110011
100110111011
1111100100
1000101001010110
100001101000011
10110101101011
1111011000010
111000110111010
101110110000011
1001111011011
1011010100111
101111110001
101110111101011
111010110001111
100000100101
11001000000
1011010011110100
111011010110111
110111110010000
1001111110101000
11010101010101
11101101111010
100100100011101
1100110011
10111100000
